{
    "cx": 274.89263916015625,
    "cy": 401.1998596191406,
    "fl_x": 2049.77783203125,
    "fl_y": 2049.768310546875,
    "h": 802,
    "w": 550,
    "camera_angle_x": 0.266729073518889,
    "camera_angle_y": 0.3863838496701801,
    "frames": [
        {
            "timestep_index": 0,
            "timestep_index_original": 0,
            "timestep_id": "000000",
            "camera_index": 0,
            "camera_id": "222200042",
            "cx": 274.89263916015625,
            "cy": 401.1998596191406,
            "fl_x": 2049.77783203125,
            "fl_y": 2049.768310546875,
            "h": 802,
            "w": 550,
            "camera_angle_x": 0.266729073518889,
            "camera_angle_y": 0.3863838496701801,
            "transform_matrix": [
                [
                    0.6910365223884583,
                    -0.17940525710582733,
                    0.7002015709877014,
                    0.7576417531818151
                ],
                [
                    -0.021636230871081352,
                    0.9631401300430298,
                    0.26812824606895447,
                    0.2905557444319129
                ],
                [
                    -0.7224959135055542,
                    -0.20043617486953735,
                    0.6616834998130798,
                    0.69188342243433
                ],
                [
                    0.0,
                    0.0,
                    0.0,
                    1.0
                ]
            ],
            "file_path": "images/00000_00.png",
            "fg_mask_path": "fg_masks/00000_00.png",
            "flame_param_path": "flame_param/00000.npz"
        },
        {
            "timestep_index": 0,
            "timestep_index_original": 0,
            "timestep_id": "000000",
            "camera_index": 1,
            "camera_id": "222200044",
            "cx": 274.89263916015625,
            "cy": 401.1998596191406,
            "fl_x": 2049.77783203125,
            "fl_y": 2049.768310546875,
            "h": 802,
            "w": 550,
            "camera_angle_x": 0.266729073518889,
            "camera_angle_y": 0.3863838496701801,
            "transform_matrix": [
                [
                    0.7157998085021973,
                    0.20160408318042755,
                    0.6685703992843628,
                    0.7891763057559729
                ],
                [
                    -0.02434321865439415,
                    0.964040219783783,
                    -0.2646386921405792,
                    -0.3162635276094079
                ],
                [
                    -0.6978809833526611,
                    0.17315320670604706,
                    0.6949676871299744,
                    0.7382732406258583
                ],
                [
                    0.0,
                    0.0,
                    0.0,
                    1.0
                ]
            ],
            "file_path": "images/00000_01.png",
            "fg_mask_path": "fg_masks/00000_01.png",
            "flame_param_path": "flame_param/00000.npz"
        },
        {
            "timestep_index": 0,
            "timestep_index_original": 0,
            "timestep_id": "000000",
            "camera_index": 2,
            "camera_id": "222200046",
            "cx": 274.89263916015625,
            "cy": 401.1998596191406,
            "fl_x": 2049.77783203125,
            "fl_y": 2049.768310546875,
            "h": 802,
            "w": 550,
            "camera_angle_x": 0.266729073518889,
            "camera_angle_y": 0.3863838496701801,
            "transform_matrix": [
                [
                    0.894268274307251,
                    -0.0994579941034317,
                    0.43633967638015747,
                    0.4965373482555151
                ],
                [
                    -0.014264451339840889,
                    0.9681625962257385,
                    0.24991485476493835,
                    0.30324080493301153
                ],
                [
                    -0.44730377197265625,
                    -0.22971506416797638,
                    0.8643784523010254,
                    0.968743659555912
                ],
                [
                    0.0,
                    0.0,
                    0.0,
                    1.0
                ]
            ],
            "file_path": "images/00000_02.png",
            "fg_mask_path": "fg_masks/00000_02.png",
            "flame_param_path": "flame_param/00000.npz"
        },
        {
            "timestep_index": 0,
            "timestep_index_original": 0,
            "timestep_id": "000000",
            "camera_index": 3,
            "camera_id": "222200040",
            "cx": 274.89263916015625,
            "cy": 401.1998596191406,
            "fl_x": 2049.77783203125,
            "fl_y": 2049.768310546875,
            "h": 802,
            "w": 550,
            "camera_angle_x": 0.266729073518889,
            "camera_angle_y": 0.3863838496701801,
            "transform_matrix": [
                [
                    0.8949714303016663,
                    0.12761056423187256,
                    0.42748305201530457,
                    0.5131020154803991
                ],
                [
                    -0.010945850051939487,
                    0.964209258556366,
                    -0.26491600275039673,
                    -0.3086476335301995
                ],
                [
                    -0.44598913192749023,
                    0.23241309821605682,
                    0.8643365502357483,
                    1.022639848291874
                ],
                [
                    0.0,
                    0.0,
                    0.0,
                    1.0
                ]
            ],
            "file_path": "images/00000_03.png",
            "fg_mask_path": "fg_masks/00000_03.png",
            "flame_param_path": "flame_param/00000.npz"
        },
        {
            "timestep_index": 0,
            "timestep_index_original": 0,
            "timestep_id": "000000",
            "camera_index": 4,
            "camera_id": "222200036",
            "cx": 274.89263916015625,
            "cy": 401.1998596191406,
            "fl_x": 2049.77783203125,
            "fl_y": 2049.768310546875,
            "h": 802,
            "w": 550,
            "camera_angle_x": 0.266729073518889,
            "camera_angle_y": 0.3863838496701801,
            "transform_matrix": [
                [
                    0.9668513536453247,
                    -0.044488199055194855,
                    0.25143444538116455,
                    0.31471442244946957
                ],
                [
                    -0.016422845423221588,
                    0.9718311429023743,
                    0.23510487377643585,
                    0.26948618795722723
                ],
                [
                    -0.25481119751930237,
                    -0.2314407378435135,
                    0.9388856291770935,
                    1.0852136388421059
                ],
                [
                    0.0,
                    0.0,
                    0.0,
                    1.0
                ]
            ],
            "file_path": "images/00000_04.png",
            "fg_mask_path": "fg_masks/00000_04.png",
            "flame_param_path": "flame_param/00000.npz"
        },
        {
            "timestep_index": 0,
            "timestep_index_original": 0,
            "timestep_id": "000000",
            "camera_index": 5,
            "camera_id": "222200048",
            "cx": 274.89263916015625,
            "cy": 401.1998596191406,
            "fl_x": 2049.77783203125,
            "fl_y": 2049.768310546875,
            "h": 802,
            "w": 550,
            "camera_angle_x": 0.266729073518889,
            "camera_angle_y": 0.3863838496701801,
            "transform_matrix": [
                [
                    0.9689269661903381,
                    0.0591844879090786,
                    0.24016207456588745,
                    0.31521340273320675
                ],
                [
                    0.007652608212083578,
                    0.9633134603500366,
                    -0.26826906204223633,
                    -0.3431880483403802
                ],
                [
                    -0.2472287267446518,
                    0.261771023273468,
                    0.9329274892807007,
                    1.1289335265755653
                ],
                [
                    0.0,
                    0.0,
                    0.0,
                    1.0
                ]
            ],
            "file_path": "images/00000_05.png",
            "fg_mask_path": "fg_masks/00000_05.png",
            "flame_param_path": "flame_param/00000.npz"
        },
        {
            "timestep_index": 0,
            "timestep_index_original": 0,
            "timestep_id": "000000",
            "camera_index": 6,
            "camera_id": "220700191",
            "cx": 274.89263916015625,
            "cy": 401.1998596191406,
            "fl_x": 2049.77783203125,
            "fl_y": 2049.768310546875,
            "h": 802,
            "w": 550,
            "camera_angle_x": 0.266729073518889,
            "camera_angle_y": 0.3863838496701801,
            "transform_matrix": [
                [
                    0.9958360195159912,
                    -0.023261161521077156,
                    0.08814605325460434,
                    0.10582066141068935
                ],
                [
                    0.0002325472014490515,
                    0.9675442576408386,
                    0.25270113348960876,
                    0.269492625258863
                ],
                [
                    -0.0911632776260376,
                    -0.2516283392906189,
                    0.9635208249092102,
                    1.0836490169167519
                ],
                [
                    0.0,
                    0.0,
                    0.0,
                    1.0
                ]
            ],
            "file_path": "images/00000_06.png",
            "fg_mask_path": "fg_masks/00000_06.png",
            "flame_param_path": "flame_param/00000.npz"
        },
        {
            "timestep_index": 0,
            "timestep_index_original": 0,
            "timestep_id": "000000",
            "camera_index": 7,
            "camera_id": "222200041",
            "cx": 274.89263916015625,
            "cy": 401.1998596191406,
            "fl_x": 2049.77783203125,
            "fl_y": 2049.768310546875,
            "h": 802,
            "w": 550,
            "camera_angle_x": 0.266729073518889,
            "camera_angle_y": 0.3863838496701801,
            "transform_matrix": [
                [
                    0.9952839016914368,
                    0.039879463613033295,
                    0.08842843770980835,
                    0.10768911801278591
                ],
                [
                    -0.0158443134278059,
                    0.9661762714385986,
                    -0.2573948800563812,
                    -0.34201923105865717
                ],
                [
                    -0.09570220857858658,
                    0.2547799050807953,
                    0.962251603603363,
                    1.1321885362267494
                ],
                [
                    0.0,
                    0.0,
                    0.0,
                    1.0
                ]
            ],
            "file_path": "images/00000_07.png",
            "fg_mask_path": "fg_masks/00000_07.png",
            "flame_param_path": "flame_param/00000.npz"
        },
        {
            "timestep_index": 0,
            "timestep_index_original": 0,
            "timestep_id": "000000",
            "camera_index": 9,
            "camera_id": "222200038",
            "cx": 274.89263916015625,
            "cy": 401.1998596191406,
            "fl_x": 2049.77783203125,
            "fl_y": 2049.768310546875,
            "h": 802,
            "w": 550,
            "camera_angle_x": 0.266729073518889,
            "camera_angle_y": 0.3863838496701801,
            "transform_matrix": [
                [
                    0.9959179162979126,
                    -0.010539536364376545,
                    -0.08964650332927704,
                    -0.11723698861896992
                ],
                [
                    -0.01633422262966633,
                    0.9557195901870728,
                    -0.2938248813152313,
                    -0.34161794278770685
                ],
                [
                    0.08877374976873398,
                    0.29408976435661316,
                    0.9516461491584778,
                    1.1464128270745277
                ],
                [
                    0.0,
                    0.0,
                    0.0,
                    1.0
                ]
            ],
            "file_path": "images/00000_09.png",
            "fg_mask_path": "fg_masks/00000_09.png",
            "flame_param_path": "flame_param/00000.npz"
        },
        {
            "timestep_index": 0,
            "timestep_index_original": 0,
            "timestep_id": "000000",
            "camera_index": 10,
            "camera_id": "222200047",
            "cx": 274.89263916015625,
            "cy": 401.1998596191406,
            "fl_x": 2049.77783203125,
            "fl_y": 2049.768310546875,
            "h": 802,
            "w": 550,
            "camera_angle_x": 0.266729073518889,
            "camera_angle_y": 0.3863838496701801,
            "transform_matrix": [
                [
                    0.9694721698760986,
                    0.051705390214920044,
                    -0.23968800902366638,
                    -0.31146649457514286
                ],
                [
                    0.0069909244775772095,
                    0.9712883234024048,
                    0.23780229687690735,
                    0.27439030911773443
                ],
                [
                    0.24510186910629272,
                    -0.23221834003925323,
                    0.9412755370140076,
                    1.0979811921715736
                ],
                [
                    0.0,
                    0.0,
                    0.0,
                    1.0
                ]
            ],
            "file_path": "images/00000_10.png",
            "fg_mask_path": "fg_masks/00000_10.png",
            "flame_param_path": "flame_param/00000.npz"
        },
        {
            "timestep_index": 0,
            "timestep_index_original": 0,
            "timestep_id": "000000",
            "camera_index": 11,
            "camera_id": "222200043",
            "cx": 274.89263916015625,
            "cy": 401.1998596191406,
            "fl_x": 2049.77783203125,
            "fl_y": 2049.768310546875,
            "h": 802,
            "w": 550,
            "camera_angle_x": 0.266729073518889,
            "camera_angle_y": 0.3863838496701801,
            "transform_matrix": [
                [
                    0.9674922227859497,
                    -0.07142519950866699,
                    -0.24260500073432922,
                    -0.33019728399813175
                ],
                [
                    0.001114515820518136,
                    0.960484504699707,
                    -0.27833104133605957,
                    -0.3393445024266839
                ],
                [
                    0.2528982162475586,
                    0.26901277899742126,
                    0.9293408989906311,
                    1.1432512775063515
                ],
                [
                    0.0,
                    0.0,
                    0.0,
                    1.0
                ]
            ],
            "file_path": "images/00000_11.png",
            "fg_mask_path": "fg_masks/00000_11.png",
            "flame_param_path": "flame_param/00000.npz"
        },
        {
            "timestep_index": 0,
            "timestep_index_original": 0,
            "timestep_id": "000000",
            "camera_index": 12,
            "camera_id": "222200049",
            "cx": 274.89263916015625,
            "cy": 401.1998596191406,
            "fl_x": 2049.77783203125,
            "fl_y": 2049.768310546875,
            "h": 802,
            "w": 550,
            "camera_angle_x": 0.266729073518889,
            "camera_angle_y": 0.3863838496701801,
            "transform_matrix": [
                [
                    0.8990892767906189,
                    0.10506030917167664,
                    -0.42497164011001587,
                    -0.5065011773258448
                ],
                [
                    0.014192487113177776,
                    0.9632688760757446,
                    0.2681629955768585,
                    0.3078136434778571
                ],
                [
                    0.43753525614738464,
                    -0.24713385105133057,
                    0.8645736575126648,
                    0.9832215085625648
                ],
                [
                    0.0,
                    0.0,
                    0.0,
                    1.0
                ]
            ],
            "file_path": "images/00000_12.png",
            "fg_mask_path": "fg_masks/00000_12.png",
            "flame_param_path": "flame_param/00000.npz"
        },
        {
            "timestep_index": 0,
            "timestep_index_original": 0,
            "timestep_id": "000000",
            "camera_index": 13,
            "camera_id": "222200039",
            "cx": 274.89263916015625,
            "cy": 401.1998596191406,
            "fl_x": 2049.77783203125,
            "fl_y": 2049.768310546875,
            "h": 802,
            "w": 550,
            "camera_angle_x": 0.266729073518889,
            "camera_angle_y": 0.3863838496701801,
            "transform_matrix": [
                [
                    0.8889312148094177,
                    -0.14197902381420135,
                    -0.43548035621643066,
                    -0.5398973021656275
                ],
                [
                    0.03319111466407776,
                    0.9682133793830872,
                    -0.24791324138641357,
                    -0.3035173723474145
                ],
                [
                    0.45683643221855164,
                    0.20592376589775085,
                    0.8653876185417175,
                    1.0273906961083412
                ],
                [
                    0.0,
                    0.0,
                    0.0,
                    1.0
                ]
            ],
            "file_path": "images/00000_13.png",
            "fg_mask_path": "fg_masks/00000_13.png",
            "flame_param_path": "flame_param/00000.npz"
        },
        {
            "timestep_index": 0,
            "timestep_index_original": 0,
            "timestep_id": "000000",
            "camera_index": 14,
            "camera_id": "222200045",
            "cx": 274.89263916015625,
            "cy": 401.1998596191406,
            "fl_x": 2049.77783203125,
            "fl_y": 2049.768310546875,
            "h": 802,
            "w": 550,
            "camera_angle_x": 0.266729073518889,
            "camera_angle_y": 0.3863838496701801,
            "transform_matrix": [
                [
                    0.6951465010643005,
                    -0.19089512526988983,
                    -0.6930587291717529,
                    -0.8222720418125391
                ],
                [
                    0.010188054293394089,
                    0.9666165113449097,
                    -0.25602471828460693,
                    -0.3093718597665429
                ],
                [
                    0.7187959551811218,
                    0.17091378569602966,
                    0.6738848686218262,
                    0.7554062977433205
                ],
                [
                    0.0,
                    0.0,
                    0.0,
                    1.0
                ]
            ],
            "file_path": "images/00000_14.png",
            "fg_mask_path": "fg_masks/00000_14.png",
            "flame_param_path": "flame_param/00000.npz"
        },
        {
            "timestep_index": 0,
            "timestep_index_original": 0,
            "timestep_id": "000000",
            "camera_index": 15,
            "camera_id": "221501007",
            "cx": 274.89263916015625,
            "cy": 401.1998596191406,
            "fl_x": 2049.77783203125,
            "fl_y": 2049.768310546875,
            "h": 802,
            "w": 550,
            "camera_angle_x": 0.266729073518889,
            "camera_angle_y": 0.3863838496701801,
            "transform_matrix": [
                [
                    0.705055296421051,
                    0.16282063722610474,
                    -0.6902074813842773,
                    -0.7842621002346277
                ],
                [
                    0.044305313378572464,
                    0.9612700939178467,
                    0.2720230221748352,
                    0.3021763553842902
                ],
                [
                    0.7077670097351074,
                    -0.22237111628055573,
                    0.6705348491668701,
                    0.708774246275425
                ],
                [
                    0.0,
                    0.0,
                    0.0,
                    1.0
                ]
            ],
            "file_path": "images/00000_15.png",
            "fg_mask_path": "fg_masks/00000_15.png",
            "flame_param_path": "flame_param/00000.npz"
        }
    ],
    "timestep_indices": [
        0
    ],
    "camera_indices": [
        0,
        1,
        2,
        3,
        4,
        5,
        6,
        7,
        9,
        10,
        11,
        12,
        13,
        14,
        15
    ]
}